Site	TotAbund	Dens	MeanDepth	Year	Period	Xkm	Ykm	SweptArea
1	76	0.002070281	804	1978	1	98.75575222	-57.46692454	36710
2	161	0.003519799	808	2001	2	76.80387976	178.6479844	45741.25391
3	39	0.000980515	809	2001	2	103.792826	-50.0518375	39775
4	410	0.008039216	848	1979	1	91.53226694	146.447969	51000
5	177	0.005933375	853	2002	2	107.1441892	-37.07543519	29831.25195
6	695	0.021800502	960	1980	1	86.56469785	-48.19806574	31880
7	352	0.009190601	977	1981	1	84.2175715	-51.90560926	38300
8	674	0.017616309	982	1979	1	90.47901492	-66.73578333	38260
9	624	0.013991031	985	1982	1	-5.727701468	203.9148935	44600
10	736	0.013992395	986	1980	1	-4.585552076	200.20735	52600
11	332	0.011129268	1000	2002	2	75.90372422	161.0927659	29831.25195
12	529	0.013258145	1016	1983	1	80.608247	-51.90560926	39900
13	355	0.009683579	1017	1979	1	-16.11460992	179.8158606	36660
14	178	0.005310263	1024	1978	1	90.47209563	140.8866537	33520
15	60	0.001345291	1025	1981	1	-5.738294398	194.6460347	44600
16	276	0.005411765	1027	1980	1	-31.26044392	150.1555125	51000
17	54	0.001559342	1036	1978	1	64.15523081	-85.27350093	34630
18	264	0.006637335	1053	2001	2	92.15434888	-29.10421662	39775
19	103	0.002589566	1065	2001	2	88.57575039	-31.51411991	39775
20	347	0.008381643	1100	1979	1	-75.19858864	74.15087037	41400
21	168	0.004223759	1110	2002	2	77.14068591	-36.51930366	39775
22	205	0.002945137	1144	2001	2	45.74594153	-79.71218565	69606.25781
23	1230	0.030923947	1200	2002	2	75.64458935	139.5890135	39775
24	100	0.012547051	1205	1981	1	0	185.3771759	7970
25	332	0.008346952	1212	2001	2	81.57533715	-20.39148935	39775
26	636	0.020997029	1217	1982	1	9.188045076	190.9384912	30290
27	665	0.014393939	1257	1980	1	-26.67766922	140.8866537	46200
28	205	0.005137845	1263	1979	1	63.59061622	-37.07543519	39900
29	392	0.008197407	1265	1980	1	58.89197156	-46.34429398	47820
30	141	0.004422836	1272	1981	1	60.19642256	-55.61315278	31880
31	567	0.013695652	1284	1982	1	1.151466213	177.9620889	41400
32	185	0.004651163	1300	2002	2	65.63528076	-17.79620889	39775
33	402	0.008304069	1312	1980	1	-4.605864854	177.9620889	48410
34	522	0.012608696	1360	1981	1	-1.151888764	176.1083171	41400
35	72	0.001974744	1368	2001	2	22.32195649	-61.76767502	36460.41797
36	212	0.005313283	1379	1981	1	11.50197978	183.5234042	39900
37	421	0.006771755	1390	1979	1	-17.37954436	146.447969	62170
38	233	0.00468636	1430	2002	2	57.89880205	-43.37825917	49718.75391
39	249	0.006508102	1440	1982	1	37.30906912	-53.75938102	38260
40	1026	0.020765027	1448	1979	1	14.4520613	-57.46692454	49410
41	185	0.004004329	1452	1982	1	-1.155687327	159.4243713	46200
42	243	0.005639414	1462	2001	2	39.32517011	159.7951256	43089.58594
43	80	0.001340876	1500	2001	2	5.778856565	-55.61315278	59662.50391
44	488	0.013311511	1506	1979	1	-18.57183604	137.1791102	36660
45	151	0.002530903	1519	2001	2	11.18928745	-52.09098644	59662.50391
46	26	0.000871569	1521	2001	2	35.65523912	162.3904061	29831.25195
47	1003	0.023303903	1524	1981	1	6.913867301	174.2545454	43040
48	680	0.015236388	1527	1982	1	-5.793181452	146.447969	44630
49	225	0.005058453	1533	1978	1	71.06129762	118.6413926	44480
50	537	0.012090396	1541	2000	2	65.21470034	127.7063365	44415.41797
51	639	0.016701516	1587	1981	1	26.4593531	-50.0518375	38260
52	168	0.004582651	1600	1979	1	31.27014457	-50.0518375	36660
53	271	0.004542216	1642	2001	2	58.83082612	-18.72309477	59662.50391
54	31	0.00056341	1648	2001	2	9.361981947	-45.97353963	55022.08594
55	315	0.00706278	1650	1980	1	22.84346193	-48.19806574	44600
56	135	0.003383459	1677	1979	1	3.475908871	146.447969	39900
57	376	0.008430493	1700	1982	1	0	140.8866537	44600
58	669	0.015	1720	1983	1	33.58824381	148.3017407	44600
59	191	0.004134199	1742	1982	1	-2.3223203	135.3253384	46200
60	303	0.007039963	1789	1979	1	-22.87464057	-55.61315278	43040
61	467	0.009156863	1790	1981	1	35.917725	146.447969	51000
62	44	0.000890508	1845	1980	1	17.39216954	142.7404255	49410
63	387	0.011035073	1867	1981	1	24.01289723	-40.7829787	35070
64	320	0.003716609	1872	1979	1	-18.62560291	122.3489361	86100
65	161	0.00420805	1884	1980	1	28.80561493	-38.92920694	38260
66	173	0.00325188	1900	1979	1	-33.67554031	-50.0518375	53200
67	166	0.004105058	1909	2000	2	71.97467262	99.88122239	40437.91406
68	49	0.001012188	1927	1981	1	-34.84252471	-44.49052222	48410
69	534	0.009571608	1932	1979	1	-4.658079172	120.4951644	55790
70	5	9.04E-05	1944	1978	1	56.11819205	100.103675	55330
71	105	0.000772639	1946	2001	2	-14.14869269	-33.55326884	135897.9219
72	235	0.005269058	1975	1982	1	45.43687708	-18.53771759	44600
73	267	0.008375157	1987	1981	1	5.801596281	139.0328819	31880
74	117	0.006525376	1993	1981	1	76.23793255	83.41972917	17930
75	147	0.006148055	2015	1981	1	10.48445375	118.6413926	23910
76	136	0.002279489	2016	2002	2	-1.919322071	-35.96317213	59662.50391
77	107	0.002211067	2058	2000	2	-38.70740923	-43.95292841	48392.91797
78	228	0.003488906	2078	1979	1	-25.30832046	-61.17446806	65350
79	108	0.001357637	2114	2002	2	-12.46447322	-31.14336556	79550
80	469	0.004353476	2122	1980	1	-12.85121037	103.8112185	107730
81	211	0.002941587	2172	1981	1	53.97220499	81.56595741	71730
82	39	0.000588309	2204	2002	2	33.12679882	-19.46460347	66291.67188
83	301	0.003596177	2230	1982	1	2.34578254	83.41972917	83700
84	155	0.002487396	2287	2001	2	46.6860626	-10.93725338	62314.17188
85	136	0.002501878	2292	2001	2	7.783608726	-26.50893616	54359.16797
86	341	0.00648289	2397	1981	1	27.40637491	0	52600
87	240	0.002549552	2410	2002	2	20.51082894	-4.07829787	94134.17188
88	138	0.002111706	2420	1979	1	-1.17831146	59.3206963	65350
89	90	0.001508485	2434	2001	2	8.964095492	-16.31319148	59662.50391
90	90	0.001508485	2450	2001	2	-10.16491295	-19.2792263	59662.50391
91	143	0.003536285	2462	2000	2	3.777718812	-17.51814312	40437.91406
92	291	0.004593528	2477	1982	1	4.779531781	-14.83017407	63350
93	234	0.003191489	2486	1982	1	1.180391666	50.0518375	73320
94	192	0.003441477	2487	1983	1	2.387291335	-9.268858796	55790
95	269	0.004508694	2500	2002	2	17.01124515	8.898104444	59662.50391
96	227	0.004280327	2504	2001	2	7.866346295	-1.297640231	53033.33203
97	196	0.003322034	2530	1981	1	4.776232777	-11.12263056	59000
98	71	0.00089252	2572	2002	2	-1.194718027	-14.08866537	79550
99	217	0.002617612	2645	1980	1	-23.61614815	48.19806574	82900
100	242	0.002376043	2670	1982	1	-28.42906997	31.51411991	101850
101	121	0.002599356	2737	1979	1	-24.9363589	18.53771759	46550
102	133	0.001702727	2855	1982	1	-37.1571248	135.3253384	78110
103	174	0.000778733	2875	1980	1	-37.87887358	35.22166343	223440
104	155	0.001800232	2970	1980	1	-35.83411861	-12.97640231	86100
105	150	0.002631079	3048	2000	2	-40.99205904	-9.565462278	57010.83203
106	61	0.000933435	3066	1979	1	-40.3309001	24.09903287	65350
107	187	0.002495996	3089	1983	1	-31.03478735	-9.268858796	74920
108	119	0.001994553	3099	2002	2	-36.86324929	-6.302823981	59662.50391
109	55	0.000691389	3126	2002	2	-51.31528586	-20.57686653	79550
110	71	0.001020023	3138	2001	2	-40.74410256	-14.6447969	69606.25781
111	57	0.000574192	3485	1982	1	-69.03982546	5.561315278	99270
112	84	0.000959945	3639	2001	2	-83.18070992	22.31941198	87505.00781
113	5	6.15E-05	3677	1980	1	-79.47559725	24.09903287	81290
114	100	0.001041124	3753	1977	1	-59.51709091	5.561315278	96050
115	25	0.000490196	3810	1981	1	-78.64438019	0	51000
116	88	0.000935673	3900	1981	1	-68.13182463	-16.68394583	94050
117	35	0.000562972	3985	1981	1	-78.94387466	-20.39148935	62170
118	62	0.000505133	3995	1983	1	-57.65067198	-42.63675046	122740
119	152	0.001032837	4001	2000	2	NA	NA	147167.5
120	17	0.000221903	4016	1978	1	-77.74775535	-20.39148935	76610
121	130	0.001089461	4020	2001	2	-118.9969732	7.229709861	119325.0078
122	27	0.000332144	4056	1979	1	-74.31253754	-31.51411991	81290
123	11	0.000106167	4062	1980	1	-92.00598678	-14.83017407	103610
124	37	0.000772765	4073	1977	1	-80.11238854	-18.53771759	47880
125	35	0.000643146	4118	1978	1	-88.54331126	-22.24526111	54420
126	54	0.000452546	4127	2001	2	-77.59084947	-42.82212764	119325
127	64	0.000647577	4222	1982	1	-72.13724821	-48.19806574	98830
128	26	0.00023071	4226	2002	2	-90.60525211	-38.18769824	112695.8359
129	2	1.48E-05	4242	1981	1	-78.17536143	-50.0518375	135490
130	56	0.000575954	4245	1982	1	-83.90125206	-31.51411991	97230
131	47	0.000508383	4292	1980	1	-119.6119313	-20.39148935	92450
132	31	0.00046763	4298	2001	2	-100.1776926	-51.6275435	66291.67188
133	4	5.01E-05	4320	1982	1	-108.1689273	-46.34429398	79920
134	23	0.000288582	4375	1980	1	-112.860617	-40.7829787	79700
135	12	0.00017508	4510	1979	1	-148.6250751	-31.51411991	68540
136	26	0.000250965	4565	1984	1	-429.8221529	-496.8108315	103600
137	10	0.000140376	4765	2002	2	-175.4220352	-63.39899417	71237.03125
138	35	0.000381388	4787	1979	1	-186.3374168	-12.97640231	91770
139	105	0.000998099	4800	1984	1	-178.180201	-248.4054157	105200
140	12	7.78E-05	4810	2002	2	-240.6486394	-116.0461121	154323.0313
141	7	6.79E-05	4811	2002	2	-226.2229457	-120.4951644	103096.8047
142	4	2.65E-05	4812	2002	2	-272.4072996	-148.3017407	150707.4688
143	10	8.62E-05	4812	2002	2	-261.4873989	-142.5550483	115983.8984
144	20	0.000155916	4840	2000	2	-275.2878982	-123.3499729	128274.3828
145	13	8.16E-05	4842	1986	1	-215.8402009	-126.0564796	159400
146	24	0.000264026	4846	1989	1	-259.1226501	-139.0328819	90900
147	38	0.000273973	4846	1989	1	-255.2863104	-135.3253384	138700
148	29	0.00021658	4865	1989	1	-248.7649773	-126.0564796	133900
